 4  1 17 11 19  9 11 12 19  3  0  1  5  4 16 19  5  1 11  8 13 16 15  8  2 18  5  4 16 17 15 20  9  3  3 13  2 11  6 15 16 17 12 10 14 20 11 19 16 17
15 18 14  9  5  6  5  9  4  9  9 14  4 19  6  2  8  1  6 18 20 17 13 11 10 15  9  7  6 15  8 12 20  8  9 10  8 14  6  4  8  3  5 17  4  4  9  0 15  6
 6  7 10  0 10 20  2 18 18 16 13 17 15 11  6 20  4 15 12  6 10 19 17  5  1 12  3  5 19 17  4 12 15 11  7 16  5 13 11  6 16  3 10  2  3 16 17  3 17 18
17 20  6 18  7 19 10  7 18  5 12 15 13  2 18 12  6 20 15  3 15  6 11  9 14 18 18  7  5 15  1  8 15  5  7 10  0 17 10 10  3 19 12  1  6  9 13  9  5 13
 9 20  0 20  8 14 17 18 19 17  9 13  8 12 17  5 18 12 16  0  2 17 19 10  4  2 20 16 12  7 14  7  4 13  6  2  9 13 11 20 10 20 17  6 20 10  8  1 13  8
18 12 18  1 17  5  3  9  6  1  4 16  4 11  0  2  0  1 18  8 13  8  6 10  4  8 11 17 12 16  3 14 10 13  4  2  8 14  7  6 15 17  6 19 15  4 15  8 12  7
18 11 19 12  7  2 17 13  9  8 15 20 18 19  5  1  1 18 13 16 13  1  0 13  2  8 12  8 17 20 16  1  9  0 20  9  6  8 12  1 16 18  7 17  8 16 12 19 16 15
10 13 19  4  8 15 15  3  0 10 17  4  9  4 13 10  3  8  1 15 13  1 11  8  3 10  6 13  1  0  6  8 18  8  8 11 17 13 20  2 10 17 20 14 15  4  7 18  7  7
 4 18  0 15 15 12 12 10 10 18 10  6 20  1 15 10  7 15  3  7 16 19 16 15 12 10 13  8 11 15  5  5  3  6  6  1  4  2 16 14  5 18 15 11 20 15  7  9  2  6
 9 12 14  4  9 14 20 12 15  2 14 11 14 20 16 15  3 12 18  5 12  0 12  1 13  9  7  7 19  5  2 17 11 17 18 17 11 14 16 15  2 20  8  4  8 11 20  9 11 16
13  6 17 13  8 10  3  9  2 18 20  8  8 14  5 15  0  0  3 14 16 20  6  2  0  1 19  7 20  7  8 15 14  3 18 13  4 10 20 15 20  1  7  5 19 17  5 20  2 18
 8 11  6 18  6  7 19 15 11  8 12 15 12  7  4 19  1 17  7 17  9 16  1  6 17  9  4 15  2 14 15 13 13 11  1  8 10  0 18 20  3 15 17  9 16  3  6  7  1  0
 7  9  3  8  2 11  6  7 14 12  8 11 17  6 19  2  8 20 13 13 12  2  5 16 11 20  7 18  8  4 18  8 16 12  1  9  2 11  3 16 19  2 18 20  0 16 10  0  4  2
19  8  2 20 18 17 16 14  1  7 11  0  9 19 10  4 20 10 11  9  5 19 17 17 10  8 14 10  9  0  8  4  9  6 19  3 17  8 15 14  2 17 13  8  6 14  7  7 15  1
14  5  8 10  3  1  6  5  5 17  5 11  6  3 19  6  5  1 11 13 19 20 13 19 11  4  4  4 19 11 19  9  5 10  7  1 13 11 19  3 12 10 10  9  7 15  2 18  6  3
13 18 13  7  8 10  6  3 11 11  7  3  8 10  9  6  8 11 20 18 13 13 13 18 18 18 20 19  8 17 16 13 17  6  5 10 13 17  4 18 15 18  9  6 18  4  1  7  1  0
16  5 17 10 14  7  8 19 20  5  2 20 15 13  5 12 16 17 13 16  9  4 11  6 15  8 13 14  2  2  4 11  5 15 13  9  3  8 12  4  1 18 12  0  5  2 16  7  8  6
16 11 11 10  7 16  2  4  9 12 12 11  4 11 11 13  6  1  3  8  5  4  8  6  5 20  4  3  2 20 12 12 12  3 18 15 16 19 16 19 16 10  1 16 18  5 16 16  6  4
 1 10  2 14 13 18  1 17 15  5 12  8  0  1 11  5  3  6  5  4 13 20  0 13  3  8  0  9  1  4 12  1  6  0  1 11 12 19  8 12  8  3 16 18  3 11  1 19  7  8
 2  7  0  5  5 16 12  6 14 14  9  5  3 13 14 19 13  9 12 17  1 17  4 17  3 15 13  0 18  2  3  1 20 11 16  6 20  8  8 11 20  0 10 15  6  7 16  5  4 13
 1 18  7  1 17  1 10  4  8 19 10 19 19  2  3  6  4 19  2  4 10 14 20 19 16 11  1  6  7  3 19 19  9 19 16  6  3 13  5 11  0  2 14  1  1  6 20 17  5  7
11  2  2 17 13  6 14 11  2  7 14 14 14 14 15 13 19 12 13 16  1 15  9  6 20 10 12 11 13 10 20 18  0  0 11 20  1  1 11  9  0 14 14 13 13  0  2  0  5  1
 0  9  1  9  6 20 14 19 10 20  6  9 12 18  4  2  1 18 11 17  5 14  2 16  7  9 11  2  3  0  8 13 12 12  9  5  0  0  3 19 17  0  9 19 20 17  7  0  2 20
 0  7 13 15 12 16 10 17 12 19 14 14 18 10 18  5  5  8 17 18  8  8  3  9  7 14  7  8  6 11  2 15  6  1  5  5  8 15 15  8  4 10 12 16 15  8  2  3 19 17
 3  9 16 19 11 13  9 17  8  1 11  1  2 14 11  0  2 14 13  8 19 20 18  7 15  8  3  4  2  3  9  9  1  3  2 16 20 20  4 20  1 10  7  9  8 19 20 13  4  0
15 11 11  3 20 12 20  2  2  6  0 20  3  2 11  9  0  1 16  9  7  3  3  5  7  4 20 13 10  0  3 15 19  3 15  6  0 10 13 10  3  2  2  0  6  7 17 14 15  8
15  4 17 10  0 13  7 17  1  0  8 16 18 17  3  1 17 10  2  3 18 15 19  0 10 13  9  5 17 19  0  9 20  3  5 20 13 17  9  6 15 14  0 13  2  0 18  1 15 20
 7 10 10  8  5  8 15  3  4  5  8  9 11 12  8  2 11 12 18  1 15  4  1  6  4 17  6 20  2 17  2 15  3 14 20 11 16  6  2 11 15 11  9  7 17  9  2 20 19  2
14  4 15  8 13  9 15 12  0  4  8 10  9  4  2  2 20  4  7 19  0  6  8  5 12 18  4 16 14 18 12 11  9  5 15  7 13  8 18 14 19 15 13 17 10 16  0  4  4 20
 1  5  7 14 14  8  9  3 19  8  0  3  2 11 11 14  1  2 10 13 19 19 18 14 13  8 19  9  9 11  4  6  9  5  7  5  5  3  3  8  1 13 15 12 14 17 11  9 10 16
10 13  2 19 17 16 12  4  3  1 17 15 17 20  0 17  8  8 18 19 16  4  1  0  9  8  3 19 16 15 19  5 11  8  3 13  7  5 17 13  3  2 17 19  4  8  0 11  1 18
 4  0 15  4  1  4 10  6  6  7  6  1 10 20 18  3  5 13  0 19 11 17 16 14  6  1  6  4  1 12 13  3 17 19  5  6 13  6 18  6  6  6  9  2  1 13 18 16 15  5
 7 16 13  7 20 14  8 17  5  0 13  0 18 14 16 13  2 18 11 12  4  5 11 14 17  4  5 14 19  3  8 12  8 20 18 19 19  0 10 18 12  7 13 19  7  6  7 18  7 15
14  7 12  6 15  9 12  0 20 20  4  3  2  6 12  6 14  7  8  2  4  0 20 10  7  9  0  7 19  0  8  5 10  6  2  1 12  7  9 19 20  1  5  9  0  2  0  5 16 11
 5 18 10 20  3 16 13  9  3 16 17 10 12  6  1  1  2  3 15  3  8  0  4 15 17 12  2  6  2  1  6  2 10 14 17  6 13  3  8  9  7  6 19  2 13  0 13 14  0 16
14 17 11 14 16  2 18 11 14  6 18 18 20 18 16 20 16 16 19  3  0 18  7 13  6 15 16  2  7  9  9 12  2 10  9 15 15 14 18  4 17  3  0 12  1 11  9 11  0 18
 1  7  2 11  9 11  2 17 12 20 20  1 13  2  1  5  6  2  5 14 13  9 14  8  5 12 13 11 11  3 19  9  4 15  2 18  4  7  1 16  8 20 10 12  0 17 13 16 19  5
19  0  2 14  3  9 10 19 13  3 14 15  6 14 15 19 18 11  1 14  9  9 12  9  0  3  4 10 14  1  1  4 20 19  2 13 16 17  6 11 14 10  2 16 11  3 20 17  9 12
16 14 20  6 10 20 18 18 18  8 19 18  8 20  3 15  9 16  4 20  8 14  6 11  4 17  6  9 13  2 17  0 14  6  9  0  2 19  5 18 10  1 16  9 11  0  3  6 18  9
15  5  8  7 20 10  2  9 18  4  9  6  3  6  8  7 19 19  5 19 18  3 13 18 11 17  2 15 17 19 13  3  0  1 10  6  4 12 17  8 13 14 20 16  3 17  3  6 16 15
14  7 17 19  5 14 18  3 19 13  4 17  1 10 18 20  9 10  7  7  7 12 20  6  8 11 16  9  5  3  3 17 14 14 15 19 15 16 19 10 15 18  0 19 10 14 19 16 13  1
 8  0 16 18 10 13 12 10 10  6 10  7  2 17  1 11 14 18  3 18 17 19 14  4  4 18  6  7 17 10 11 19  8 19  4 18 17 17  1  4  2  3  6  8 17 10 16  6  4  6
 4 10 10  6 20 20 20  3 20 19  5 17 20 17 20 19  5 16 14  7 14  5 17  1  8 20 12  3  8  8 16  3  0  1 10 12 12  2  3  6 12 10  1 11 13 19  7 12 17  2
12 17 14 20 18 10 10  6 16  4 16  5  7  3  9 17 20  5 15 11 12 11 14 20  9  8 18  1 19  1  5 14 20  2  3  7  6  3  6 13  1 15 10  6 14  2 13 16 20 20
14 20 15 10  9 19  6  6 12  3 16 15 17 20 18 17 20 13 11  2  1  1 18  9  9  7 13  5 12 16 18  1 13  6 13  6 14  0  0  7  0 14  7 15  1  1 15 18 11 15
 9  5 18 10  9 10  4  7  3 18 18  0  2  2 15  7 17  3  7 20 12 19 16  9 16  6 12  0  5 15 10  1  9  7  6  7  7  0 17  3 12  5  8  9 18  8 18 15 11 18
13 16 18 16 19  1 17  6  0  2 20  3 11 10 17 11 19  9 10  7  5 12 18 19  5  2  7  6  1 16 20  7  7 11 19 19 11 20 18  5  2 15 11 10  1 18 19  2  9 19
20  4 11 12 15 14  9  0 18 17  5  2  7  7 16  6  9 12 13 20 10 18 15 20 20 20 20  2  9  9  3 10  0 15 20  5 16  6 10  3 11  2 19  5  6  4 17 13  1 20
 0  3  7  6 10  5  0 20 15  7 19  7 17 14 18 15 19 15  1 15 20 13  7 10  9 10  6 10  9  0 16 14 20 13 16 13 13  8  1  1  2  3  9 10 11  2  1 14  9  1
19 13 13 15 11  7  0  6  5  6  5  4  6 15 18 17  5  0  2  9  0 18 14 10 18 13  6  3  4  2 13  0 18  4 11  8  0  8  9 15  3 13  0  6 16  8 11  0 16 20